AGRO	7,600	2,703	400	7.550	7.600	1.530	7,400	7,650	7,490	83.020	14	11:31
ALUA	10,900	1,395	284	10.800	10.900	13.635	10,750	11,000	10,700	126.844	15	11:24
APBR	44,500	4,706	605	44.400	44.500	5.996	42,500	44,950	44,200	5.572.517	164	11:32
APBRA	 	 	1.000	32.000	38.000	2.968	 	 	 	 	 	00:00
AUSO	25,800	1,176	784	25.500	25.800	1.307	25,500	25,800	25,000	211.770	13	11:30
BHIP	 	 	5.000	6.550	6.700	500	 	 	 	 	 	00:00
BMA	94,000	-0,318	289	94.100	94.300	405	94,300	95,000	94,000	296.656	17	11:30
BOLT	5,200	0,971	4.804	5.200	5.270	540	5,150	5,200	5,200	19.635	3	11:24
BPAT	 	 	2.280	30.700	31.850	846	 	 	 	 	 	00:00
BRIO	 	 	534	46.000	46.950	54	 	 	 	 	 	00:00
BRIO6	 	 	 	0.000	0.000	 	 	 	 	 	 	00:00
CADO	 	 	1.000	7.800	8.250	1.400	 	 	 	 	 	00:00
CAPU	 	 	1.000	18.000	19.000	2.810	 	 	 	 	 	00:00
CAPX	 	 	250	11.500	14.000	112	 	 	 	 	 	00:00
CARC	2,000	0,000	5.000	1.950	2.000	13.534	2,000	2,000	2,000	18.000	4	11:26
CECO2	 	 	2.500	4.350	4.480	6.629	 	 	 	 	 	00:00
CELU	11,500	0,437	1.800	11.400	11.500	1.000	11,450	11,500	11,500	40.250	3	11:05
CEPU	 	 	400	95.000	104.950	50	 	 	 	 	 	00:00
CGPA2	 	 	 	0.000	8.500	389	 	 	 	 	 	00:00
COLO	 	 	48	20.800	21.900	29	 	 	 	 	 	00:00
COME	3,060	2,000	25.500	3.050	3.060	12.500	3,000	3,060	3,010	525.583	36	11:31
CRES	17,500	2,339	500	16.550	17.500	947	17,100	17,500	17,500	16.712	3	11:12
CTIO	42,200	0,476	599	42.200	42.500	6.500	42,000	43,500	42,200	1.053.977	50	11:29
DGCU2	 	 	5.000	8.200	8.290	450	 	 	 	 	 	00:00
DYCA	19,000	0,000	1.303	19.000	19.500	306	19,000	19,000	19,000	19.000	2	11:24
EDN	11,700	0,000	5.000	11.550	11.600	3.422	11,700	11,750	11,700	259.472	7	11:19
ERAR	7,340	2,371	500	7.300	7.340	4.648	7,170	7,350	7,170	155.052	18	11:28
ESME	 	 	 	0.000	87.000	418	 	 	 	 	 	00:00
FERR	8,300	0,728	500	8.250	8.300	500	8,240	8,300	8,240	18.248	2	11:11
FIPL	 	 	6.500	3.750	3.900	2.000	 	 	 	 	 	00:00
FRAN	99,300	-0,101	1.000	98.050	99.300	30	99,400	99,400	99,300	305.379	13	11:25
GARO	 	 	 	0.000	8.000	900	 	 	 	 	 	00:00
GBAN	0,000	0,000	80	19.000	20.150	30	18,900	0,000	0,000	567	2	11:05
GCLA	 	 	50	138.000	142.000	1.979	 	 	 	 	 	00:00
GGAL	41,500	0,000	100	41.600	41.700	150	41,500	42,000	41,500	425.170	11	11:29
GRIM	23,000	0,000	500	22.750	23.500	362	23,000	23,000	23,000	5.060	1	11:14
INAG	 	 	 	0.000	0.000	 	 	 	 	 	 	00:00
INDU	3,220	0,625	4.850	3.100	3.300	2.028	3,200	3,220	3,220	47.115	3	11:29
INTR	 	 	 	0.000	0.000	 	 	 	 	 	 	00:00
INVJ	7,030	0,429	2.000	7.060	7.250	8.457	7,000	7,030	7,030	7.030	1	11:07
IRCP	 	 	45	128.000	129.000	342,6	 	 	 	 	 	00:00
IRSA	21,000	0,000	1.801	20.750	21.000	100	21,000	21,000	21,000	11.991	3	11:06
JMIN	 	 	17	18.000	18.500	800	 	 	 	 	 	00:00
LEDE	11,900	0,847	1.000	11.600	11.900	4.452	11,800	11,900	11,900	6.521	2	11:25
LONG	 	 	1.489	4.700	4.880	1.000	 	 	 	 	 	00:00
METR	9,550	0,526	421	9.500	9.550	2.214	9,500	9,550	9,550	172.751	17	11:28
MIRG	1373,000	0,734	10	1,363.000	1,373.000	54,5	1363,000	1375,000	1363,000	315.649	20	11:28
MOLI	87,000	0,115	165	86.900	87.500	678	86,900	87,000	86,900	72.003	9	11:30
MORI	 	 	3.300	3.050	3.350	14.084	 	 	 	 	 	00:00
MVIA	 	 	80	2.000	0.000	 	 	 	 	 	 	00:00
OEST	9,150	6,395	460	9.150	9.450	2.000	8,600	9,150	8,700	1.124.611	49	11:30
PAMP	12,200	0,412	8.002	12.150	12.200	16.920	12,150	12,250	12,150	607.454	32	11:28
PATA	 	 	500	17.200	17.800	510	 	 	 	 	 	00:00
PATY	 	 	1.050	32.000	34.000	3.000	 	 	 	 	 	00:00
PESA	9,450	1,178	9.495	9.450	10.800	1.000	9,340	9,450	9,100	73.961	9	11:22
PETR	36,000	-1,370	556	36.000	37.500	1.565	36,500	36,000	36,000	7.455	3	11:30
POLL	 	 	 	0.000	7.800	940	 	 	 	 	 	00:00
PSUR	 	 	1.773	1.400	1.540	10.805	 	 	 	 	 	00:00
REP	 	 	 	0.000	210.000	48	 	 	 	 	 	00:00
RIGO	33,000	3,125	222	30.000	33.000	181	32,000	33,000	33,000	1.980	1	11:24
ROSE	4,300	-2,273	5.000	4.250	4.800	2.000	4,400	4,300	4,300	21.500	1	11:08
SAMI	62,850	1,371	145	62.000	62.850	42	62,000	62,850	62,850	16.215	3	11:10
SEMI	3,900	0,000	11.379	3.900	4.000	6.352	3,900	3,900	3,900	4.371	1	11:27
STD	62,500	-0,794	140	62.500	68.000	73	63,000	62,500	62,000	11.200	4	11:19
TECO2	0,000	0,000	300	52.500	52.950	887	53,000	0,000	0,000	530	2	11:03
TGLT	 	 	 	0.000	0.000	 	 	 	 	 	 	00:00
TGNO4	7,410	1,091	15.876	7.410	7.500	500	7,330	7,410	7,400	22.210	3	11:29
TGSU2	17,200	0,000	3.882	17.000	17.200	251	17,200	17,200	17,200	107.568	4	11:31
TRAN	6,970	1,014	3.078	6.920	6.970	3.583	6,900	7,000	6,920	321.599	16	11:27
TS	182,000	2,825	430	182.000	182.400	100	177,000	183,000	179,700	984.705	38	11:30
VALO	 	 	 	0.000	0.000	 	 	 	 	 	 	00:00
YPFD	260,000	0,000	108	260.000	262.000	56	260,000	265,000	260,000	834.599	29	11:30
